{
    "BPMMODE": 1.0,
    "Bpm": 60.0,
    "DELAY": -0.2700042724609375,
    "DEL_IN_1_1": 0.0,
    "DEL_IN_1_2": 0.0,
    "DEL_IN_1_3": 0.0,
    "DEL_IN_2_1": 0.0,
    "DEL_IN_2_2": 0.0,
    "DEL_IN_2_3": 0.0,
    "DEL_IN_3_1": 0.9420000314712524,
    "DEL_IN_3_2": 0.7480000257492065,
    "DEL_IN_3_3": 0.0,
    "DIRECT": -8.110000610351563,
    "DIR_IN_1": 1.5450001955032349,
    "DIR_IN_2": 1.6719999313354492,
    "DIR_IN_3": 1.8270002603530884,
    "DW_1": 1.0,
    "DW_2": 1.0,
    "DW_3": 1.0,
    "EXTRATIME": 7.829999923706055,
    "FEED_1": 0.3500000238418579,
    "FEED_2": 0.3150000274181366,
    "FEED_3": 1.0850000381469727,
    "HF_1": 8000.0,
    "HF_2": 8000.0,
    "HF_3": 8000.0,
    "KEY_DOWN": 0.0,
    "LF_1": 5.0,
    "LF_2": 5.0,
    "LF_3": 5.0,
    "LINUX": 1.0,
    "Linux": 1.0,
    "OUT_1": 2.1090011596679688,
    "OUT_2": 2.1090011596679688,
    "OUT_3": -25.307998657226563,
    "PAN_1": 1.0,
    "PAN_2": 0.007000000216066837,
    "PAN_3": 0.5,
    "SHIFTMODE_1": 1.0,
    "SHIFTMODE_2": 1.0,
    "SHIFTMODE_3": 2.0,
    "SHIFT_1": 0.0,
    "SHIFT_2": 0.0,
    "SHIFT_3": -1.4059991836547852,
    "TIMEMODE_1": 1.0,
    "TIMEMODE_2": 1.0,
    "TIMEMODE_3": 1.0,
    "TIME_1": 0.8100000619888306,
    "TIME_2": 0.7000000476837158,
    "TIME_3": 1.2000000476837158,
    "form": 0.0,
    "image19": 0.0,
    "image37": 0.0,
    "image55": 0.0,
    "image74": 0.0,
    "image76": 0.0,
    "image87": 0.0,
    "image90": 0.0,
    "label83": 0.0,
    "label86": 0.0,
    "presetName": 0.0,
    "recallCombo": "/home/stefanus/TPZ_Cabbage/TPZ_DelayMatrix_3x3/TPZ_DelayMatrix_3x3_pre/001_test.pre",
    "saveFile": "/home/stefanus/TPZ_Cabbage/TPZ_DelayMatrix_3x3/TPZ_DelayMatrix_3x3_pre/001_test.pre",
    "vu1": 8.61766146050257e-05,
    "vu2": 8.665880668082612e-05
}
