{
    "Preset 1": {
        "form7": 0.0,
        "bits": 8.479999542236328,
        "fold": 4.699999809265137,
        "dw": 1.0,
        "gain": 0.0,
        "filebutton14": 0.0
    }
}